angular: 9.690904625546729e-05*pow(angle-0,3) + -0.026993325776336487*pow(angle-0,2) + 1.9891479751821506*(angle-0) + -3.5510535946287174
radial: -2.1094965222715775e-07*pow(angle-0,3) + 2.789532659554079e-05*pow(angle-0,2) + -0.00043006298425152007*(angle-0) + 0.12768439150501243
angular: 0.0001236575036361357*pow(angle-120,3) + -0.023602596784717777*pow(angle-120,2) + 1.2425136785282478*(angle-120) + 13.78464239432215
radial: -1.4867499359434124e-07*pow(angle-120,3) + 1.4703063849638607e-05*pow(angle-120,2) + 0.0003936096919510963*(angle-120) + 0.11956574395330773
angular: 8.984198406651984e-05*pow(angle-240,3) + -0.015250405618457944*pow(angle-240,2) + 0.5204267753894549*(angle-240) + 36.03610379519159
radial: -1.0537221708690944e-07*pow(angle-240,3) + 6.1758983249362356e-06*pow(angle-240,2) + 0.0007341847026839266*(angle-240) + 0.1299061137929593
